line	year	accession	stock	plot	sfw	rfw	dmc	tfw	trdm	hi	rs_ratio	row	col	rep	line_num
C2.8_ETH4255	2022	C2-8	C2-8	5052	5.97	5.58	36.31313131	11.55	2.026272727	0.483116883	0.934673367	55	11	1	4255
C2.8_ETH4255	2022	C2-8	C2-8	6014	4.26	3.58	33.60377358	7.84	1.203015094	0.456632653	0.840375587	20	12	2	4255
C2.8_ETH4255	2022	C2-8	C2-8	7103	4.04	3.16	31.28787879	7.2	0.98869697	0.438888889	0.782178218	8	15	3	4255
C2.8_ETH4255	2022	C2-8	C2-8	8005	1.6	0.97	35.93406593	2.57	0.34856044	0.377431907	0.60625	7	16	4	4255
C2.8_ETH4255	2022	C2-8	C2-8	9005	2.82	2.89	32.30327869	5.71	0.933564754	0.506129597	1.024822695	5	18	5	4255
C2.8_ETH4255	2022	C2-8	C2-8	10004	3.58	1.73	32.64814815	5.31	0.564812963	0.325800377	0.483240223	2	20	6	4255
C2.8_ETH4255	2022	C2-8	C2-8	11097	6.32	6.11	33.87850467	12.43	2.069976636	0.491552695	0.966772152	22	23	7	4255
C2.8_ETH4255	2022	C2-8	C2-8	12002	4.19	3.79	21.38317757	7.98	0.81042243	0.474937343	0.904534606	5	23	8	4255
C2.8_ETH4255	2022	C2-8	C2-8	13041	2.41	3.91	29.40860215	6.32	1.149876344	0.618670886	1.622406639	36	26	9	4255
C2.8_ETH4255	2022	C2-8	C2-8	14107	3.16	2.22	21.07777778	5.38	0.467926667	0.412639405	0.702531646	8	29	10	4255
C2.8_ETH4255	2023	C2-8	C2-8	603	2.22	0.706	31.57894737	2.926	0.222947368	0.241285031	0.318018018	53	1	1	4255
C2.8_ETH4255	2023	C2-8	C2-8	724	8.5	6.316	20.86956522	14.816	1.318121739	0.426295896	0.743058824	29	4	2	4255
C2.8_ETH4255	2023	C2-8	C2-8	799	4.76	2.882	34.65346535	7.642	0.998712871	0.377126407	0.605462185	42	6	3	4255
C2.8_ETH4255	2023	C2-8	C2-8	979	9.63	6.23	28.42105263	15.86	1.770631579	0.392812106	0.646936656	38	10	4	4255
C2.8_ETH4255	2023	C2-8	C2-8	1024	3.76	3.924	32.25806452	7.684	1.265806452	0.510671525	1.043617021	34	11	5	4255
C2.8_ETH4255	2023	C2-8	C2-8	1071	3.13	3.02	35.78947368	6.15	1.080842105	0.491056911	0.96485623	34	12	6	4255
C2.8_ETH4255	2023	C2-8	C2-8	1075	2.88	1.804	34.90566038	4.684	0.629698113	0.385140905	0.626388889	30	12	7	4255
C2.8_ETH4255	2023	C2-8	C2-8	1142	6.98	6.042	30.58823529	13.022	1.848141176	0.463984027	0.865616046	51	14	8	4255
C2.8_ETH4255	2023	C2-8	C2-8	1204	5.8	2.312	36.04651163	8.112	0.833395349	0.285009862	0.39862069	38	15	9	4255
C2.8_ETH4255	2023	C2-8	C2-8	1241	5.5	5.264	30.52631579	10.764	1.606905263	0.489037533	0.957090909	40	16	10	4255
C2.8_ETH4255	2023	C2-8	C2-8	1296	6.21	6.778	32	12.988	2.16896	0.521866338	1.091465378	42	17	11	4255
C2.8_ETH4255	2023	C2-8	C2-8	1333	1.5	1.452	35	2.952	0.5082	0.491869919	0.968	36	18	12	4255
C2.8_ETH4255	2023	C2-8	C2-8	1401	3.07	4.618	38.83495146	7.688	1.793398058	0.600676379	1.504234528	56	20	13	4255
C2.8_ETH4255	2023	C2-8	C2-8	1522	1.01	0.396	9.375	1.406	0.037125	0.281650071	0.392079208	23	22	14	4255
C2.8_ETH4255	2023	C2-8	C2-8	1681	4.01	2.764	33.01886792	6.774	0.912641509	0.408030706	0.689276808	40	26	15	4255
C2.8_ETH4255	2023	C2-8	C2-8	1733	5.97	5.568	34.02061856	11.538	1.894268041	0.482579303	0.932663317	39	27	16	4255
C2.8_ETH4255	2023	C2-8	C2-8	1742	3.05	3.888	33.33333333	6.938	1.296	0.560392044	1.274754098	48	27	17	4255
C2.8_ETH4255	2024	C2-8	C2-8	6037	2.38	4.5	38.58267717	6.88	1.736220472	0.654069767	1.890756303	28	10	1	4255
C2.8_ETH4255	2024	C2-8	C2-8	7054	0.83	1.63	34.82142857	2.46	0.567589286	0.662601626	1.963855422	37	12	2	4255
C2.8_ETH4255	2024	C2-8	C2-8	8102	2.27	3.8	39.47368421	6.07	1.5	0.626029654	1.674008811	15	14	3	4255
C2.8_ETH4255	2024	C2-8	C2-8	9087	3.29	5.5	40.74074074	8.79	2.240740741	0.625711035	1.671732523	56	16	4	4255
C2.8_ETH4255	2024	C2-8	C2-8	10058	1.59	3.29	41.50943396	4.88	1.365660377	0.674180328	2.06918239	18	17	5	4255
C2.8_ETH4255	2024	C2-8	C2-8	11063	1.94	3.23	35	5.17	1.1305	0.624758221	1.664948454	4	18	6	4255
C2.8_ETH4255	2024	C2-8	C2-8	12035	2.99	4.03	37.14285714	7.02	1.496857143	0.574074074	1.347826087	58	20	7	4255
C2.8_ETH4255	2024	C2-8	C2-8	13028	2.29	3.59	35.60606061	5.88	1.278257576	0.610544218	1.56768559	38	21	8	4255
C2.8_ETH4255	2024	C2-8	C2-8	14076	2.19	3.25	37.32394366	5.44	1.213028169	0.597426471	1.484018265	60	23	9	4255
C2.8_ETH4255	2024	C2-8	C2-8	15076	1.5	1.96	36.20689655	3.46	0.709655172	0.566473988	1.306666667	34	25	10	4255
C2.8_ETH4255	2024	C2-8	C2-8	16098	2.16	3.18	33.92857143	5.34	1.078928571	0.595505618	1.472222222	30	27	11	4255
C2.8_ETH4255	2024	C2-8	C2-8	17025	2.3	3.35	36.44067797	5.65	1.220762712	0.592920354	1.456521739	59	27	12	4255
C2.8_ETH4261	2022	C2-8	C2-8	5028	8.02	8.8	30.66666667	16.82	2.698666667	0.523186683	1.097256858	36	10	1	4261
C2.8_ETH4261	2022	C2-8	C2-8	6070	4.61	4.98	32.44660194	9.59	1.615840777	0.519290928	1.080260304	39	13	2	4261
C2.8_ETH4261	2022	C2-8	C2-8	7043	5.53	6.02	32.34285714	11.55	1.94704	0.521212121	1.088607595	47	14	3	4261
C2.8_ETH4261	2022	C2-8	C2-8	8096	8.15	4.59	27.38613861	12.74	1.257023762	0.360282575	0.563190184	17	17	4	4261
C2.8_ETH4261	2022	C2-8	C2-8	9024	5	4.73	30.85211268	9.73	1.45930493	0.486125385	0.946	24	18	5	4261
C2.8_ETH4261	2022	C2-8	C2-8	10008	4.24	4.19	31.41176471	8.43	1.316152941	0.497034401	0.988207547	6	20	6	4261
C2.8_ETH4261	2022	C2-8	C2-8	11018	7.21	5.81	23.65934066	13.02	1.374607692	0.446236559	0.805825243	14	22	7	4261
C2.8_ETH4261	2022	C2-8	C2-8	12052	6.31	6.12	21.60194175	12.43	1.322038835	0.4923572	0.969889065	46	24	8	4261
C2.8_ETH4261	2022	C2-8	C2-8	13064	4.02	3.09	31.72043011	7.11	0.98016129	0.434599156	0.768656716	56	27	9	4261
C2.8_ETH4261	2022	C2-8	C2-8	14098	4.22	3.53	28.23076923	7.75	0.996546154	0.455483871	0.836492891	17	29	10	4261
C2.8_ETH4261	2023	C2-8	C2-8	641	4.53	5.844	37.27272727	10.374	2.178218182	0.563331405	1.290066225	24	2	1	4261
C2.8_ETH4261	2023	C2-8	C2-8	655	3.91	6.216	35.41666667	10.126	2.2015	0.613865297	1.589769821	17	3	2	4261
C2.8_ETH4261	2023	C2-8	C2-8	703	3.96	5.622	38.21138211	9.582	2.148243902	0.58672511	1.41969697	50	4	3	4261
C2.8_ETH4261	2023	C2-8	C2-8	821	9.25	4.572	28.18181818	13.822	1.288472727	0.330777022	0.49427027	20	6	4	4261
C2.8_ETH4261	2023	C2-8	C2-8	1060	6.82	0.446	20	7.266	0.0892	0.061381778	0.065395894	45	12	5	4261
C2.8_ETH4261	2023	C2-8	C2-8	1181	4.69	5.098	31.96721311	9.788	1.629688525	0.520841847	1.086993603	15	15	6	4261
C2.8_ETH4261	2023	C2-8	C2-8	1220	0.3	2.83	31.95876289	3.13	0.90443299	0.904153355	9.433333333	54	15	7	4261
C2.8_ETH4261	2023	C2-8	C2-8	1234	4.96	6.62	40.7079646	11.58	2.694867257	0.571675302	1.334677419	47	16	8	4261
C2.8_ETH4261	2023	C2-8	C2-8	1252	3.23	4.472	34.95145631	7.702	1.563029126	0.580628408	1.384520124	29	16	9	4261
C2.8_ETH4261	2023	C2-8	C2-8	1274	5.71	6.236	33.68421053	11.946	2.100547368	0.522015737	1.092119089	20	17	10	4261
C2.8_ETH4261	2023	C2-8	C2-8	1374	5.42	3.212	37.73584906	8.632	1.212075472	0.3721038	0.592619926	32	19	11	4261
C2.8_ETH4261	2023	C2-8	C2-8	1421	1.58	3.238	37.60683761	4.818	1.217709402	0.672063097	2.049367089	36	20	12	4261
C2.8_ETH4261	2023	C2-8	C2-8	1422	4.36	5.928	34.28571429	10.288	2.032457143	0.576205288	1.359633028	35	20	13	4261
C2.8_ETH4261	2023	C2-8	C2-8	1454	11.93	4.736	32.38095238	16.666	1.533561905	0.284171367	0.396982397	24	21	14	4261
C2.8_ETH4261	2023	C2-8	C2-8	1647	3.6	1.904	36.60714286	5.504	0.697	0.345930233	0.528888889	41	25	15	4261
C2.8_ETH4261	2023	C2-8	C2-8	1726	4.76	5.908	28.15533981	10.668	1.663417476	0.553805774	1.241176471	32	27	16	4261
C2.8_ETH4261	2023	C2-8	C2-8	1831	3.03	2.854	38.0952381	5.884	1.087238095	0.485044188	0.941914191	49	29	17	4261
C2.8_ETH4261	2024	C2-8	C2-8	6052	2.23	5.1	39.82300885	7.33	2.030973451	0.695770805	2.286995516	13	10	1	4261
C2.8_ETH4261	2024	C2-8	C2-8	7051	1.44	2.86	37.41007194	4.3	1.069928058	0.665116279	1.986111111	40	12	2	4261
C2.8_ETH4261	2024	C2-8	C2-8	8096	3.01	4.9	35.65217391	7.91	1.746956522	0.619469027	1.627906977	21	14	3	4261
C2.8_ETH4261	2024	C2-8	C2-8	9074	3.76	5.83	35.59322034	9.59	2.075084746	0.607924922	1.550531915	60	15	4	4261
C2.8_ETH4261	2024	C2-8	C2-8	10100	3.6	5.33	33.33333333	8.93	1.776666667	0.596864502	1.480555556	60	17	5	4261
C2.8_ETH4261	2024	C2-8	C2-8	11082	2.32	3.45	32.35294118	5.77	1.116176471	0.597920277	1.487068966	16	19	6	4261
C2.8_ETH4261	2024	C2-8	C2-8	12040	2.56	3.24	33.33333333	5.8	1.08	0.55862069	1.265625	53	20	7	4261
C2.8_ETH4261	2024	C2-8	C2-8	13001	3.25	6.08	36.8852459	9.33	2.242622951	0.651661308	1.870769231	11	21	8	4261
C2.8_ETH4261	2024	C2-8	C2-8	14055	1.15	1.95	34.45378151	3.1	0.671848739	0.629032258	1.695652174	39	23	9	4261
C2.8_ETH4261	2024	C2-8	C2-8	15017	1.83	3.37	39.17525773	5.2	1.320206186	0.648076923	1.841530055	26	24	10	4261
C2.8_ETH4261	2024	C2-8	C2-8	16093	2.16	4.38	40.20618557	6.54	1.761030928	0.669724771	2.027777778	25	27	11	4261
C2.8_ETH4261	2024	C2-8	C2-8	17084	2.13	3.68	38.23529412	5.81	1.407058824	0.633390706	1.727699531	11	28	12	4261
C2.8_ETH4262	2022	C2-8	C2-8	5069	5.53	6.1	35.20754717	11.63	2.147660377	0.524505589	1.103074141	38	11	1	4262
C2.8_ETH4262	2022	C2-8	C2-8	6040	4.02	4.09	35.47	8.11	1.450723	0.50431566	1.017412935	46	12	2	4262
C2.8_ETH4262	2022	C2-8	C2-8	7089	5.47	5.22	33.17610063	10.69	1.731792453	0.488306829	0.954296161	22	15	3	4262
C2.8_ETH4262	2022	C2-8	C2-8	8059	4.66	3.43	35.26724138	8.09	1.209666379	0.423980222	0.736051502	54	17	4	4262
C2.8_ETH4262	2022	C2-8	C2-8	9096	3.89	3.87	22.38541667	7.76	0.866315625	0.49871134	0.994858612	19	19	5	4262
C2.8_ETH4262	2022	C2-8	C2-8	10024	6.38	7.1	36.53763441	13.48	2.594172043	0.526706231	1.112852665	22	20	6	4262
C2.8_ETH4262	2022	C2-8	C2-8	11013	9.96	8.39	24.98095238	18.35	2.095901905	0.457220708	0.842369478	9	22	7	4262
C2.8_ETH4262	2022	C2-8	C2-8	12108	4.31	4.93	23.88785047	9.24	1.177671028	0.533549784	1.143851508	13	25	8	4262
C2.8_ETH4262	2022	C2-8	C2-8	13046	4.25	5.59	32.16513761	9.84	1.798031193	0.568089431	1.315294118	41	26	9	4262
C2.8_ETH4262	2022	C2-8	C2-8	14025	8.75	10.03	34.27272727	18.78	3.437554545	0.534078807	1.146285714	25	28	10	4262
C2.8_ETH4262	2023	C2-8	C2-8	584	3.11	2.412	40.47619048	5.522	0.976285714	0.436798261	0.775562701	34	1	1	4262
C2.8_ETH4262	2023	C2-8	C2-8	663	4.41	3.093	38.05309735	7.503	1.176982301	0.412235106	0.701360544	25	3	2	4262
C2.8_ETH4262	2023	C2-8	C2-8	805	1.17	1.42	38.18181818	2.59	0.542181818	0.548262548	1.213675214	36	6	3	4262
C2.8_ETH4262	2023	C2-8	C2-8	807	3.77	1.158	36	4.928	0.41688	0.234983766	0.307161804	34	6	4	4262
C2.8_ETH4262	2023	C2-8	C2-8	876	4.63	2.284	37.5	6.914	0.8565	0.330344229	0.493304536	53	8	5	4262
C2.8_ETH4262	2023	C2-8	C2-8	925	5.82	4.094	36.36363636	9.914	1.488727273	0.412951382	0.703436426	23	9	6	4262
C2.8_ETH4262	2023	C2-8	C2-8	927	10.83	4.448	36.84210526	15.278	1.638736842	0.291137583	0.410710988	25	9	7	4262
C2.8_ETH4262	2023	C2-8	C2-8	1029	10.95	6.46	28.92561983	17.41	1.868595041	0.37105112	0.589954338	39	11	8	4262
C2.8_ETH4262	2023	C2-8	C2-8	1187	7.18	5.742	34.74576271	12.922	1.995101695	0.444358458	0.799721448	21	15	9	4262
C2.8_ETH4262	2023	C2-8	C2-8	1303	2.54	3.792	38.59649123	6.332	1.463578947	0.598862919	1.492913386	49	17	10	4262
C2.8_ETH4262	2023	C2-8	C2-8	1382	2.48	3.816	37.89473684	6.296	1.446063158	0.606099111	1.538709677	40	19	11	4262
C2.8_ETH4262	2023	C2-8	C2-8	1469	3.22	5.026	38.23529412	8.246	1.921705882	0.60950764	1.560869565	39	21	12	4262
C2.8_ETH4262	2023	C2-8	C2-8	1516	10.13	7.88	31.77570093	18.01	2.503925234	0.437534703	0.777887463	29	22	13	4262
C2.8_ETH4262	2023	C2-8	C2-8	1665	1.37	2.038	37.64705882	3.408	0.767247059	0.598004695	1.487591241	56	26	14	4262
C2.8_ETH4262	2023	C2-8	C2-8	1688	3	2.258	36.58536585	5.258	0.826097561	0.429440852	0.752666667	33	26	15	4262
C2.8_ETH4262	2023	C2-8	C2-8	1716	10.03	5.396	35.05154639	15.426	1.891381443	0.349799041	0.537986042	22	27	16	4262
C2.8_ETH4262	2023	C2-8	C2-8	1775	4.99	5.13	37.37373737	10.12	1.917272727	0.506916996	1.028056112	34	28	17	4262
C2.8_ETH4262	2024	C2-8	C2-8	6054	1.96	4.33	36.93693694	6.29	1.599369369	0.688394277	2.209183673	11	10	1	4262
C2.8_ETH4262	2024	C2-8	C2-8	7074	2.77	5.85	40.47619048	8.62	2.367857143	0.678654292	2.111913357	17	12	2	4262
C2.8_ETH4262	2024	C2-8	C2-8	9092	2.26	4.5	34.28571429	6.76	1.542857143	0.665680473	1.991150442	51	16	3	4262
C2.8_ETH4262	2024	C2-8	C2-8	11019	2.51	4.12	36.36363636	6.63	1.498181818	0.621417798	1.641434263	48	18	4	4262
C2.8_ETH4262	2024	C2-8	C2-8	12100	3.61	5.64	38.33333333	9.25	2.162	0.60972973	1.56232687	8	21	5	4262
C2.8_ETH4262	2024	C2-8	C2-8	13070	2.02	3.43	32.60869565	5.45	1.118478261	0.629357798	1.698019802	49	22	6	4262
C2.8_ETH4262	2024	C2-8	C2-8	14021	3.05	4.9	38.18181818	7.95	1.870909091	0.616352201	1.606557377	5	23	7	4262
C2.8_ETH4262	2024	C2-8	C2-8	15026	1.7	3.32	38.41059603	5.02	1.275231788	0.661354582	1.952941176	17	24	8	4262
C2.8_ETH4262	2024	C2-8	C2-8	16030	1.21	2.31	34.34343434	3.52	0.793333333	0.65625	1.909090909	39	26	9	4262
C2.8_ETH4262	2024	C2-8	C2-8	17077	1.81	3.5	42.14285714	5.31	1.475	0.65913371	1.933701657	18	28	10	4262
C2.8_ETH4265	2022	C2-8	C2-8	5087	3.24	4.18	33.93396226	7.42	1.418439623	0.563342318	1.290123457	20	11	1	4265
C2.8_ETH4265	2022	C2-8	C2-8	6002	1.52	0.84	33.15714286	2.36	0.27852	0.355932203	0.552631579	8	12	2	4265
C2.8_ETH4265	2022	C2-8	C2-8	7109	2.87	1.12	79.02898551	3.99	0.885124638	0.280701754	0.390243902	2	15	3	4265
C2.8_ETH4265	2022	C2-8	C2-8	8047	3.43	3.64	34.37362637	7.07	1.2512	0.514851485	1.06122449	49	16	4	4265
C2.8_ETH4265	2022	C2-8	C2-8	9036	2.35	2.79	28.69942197	5.14	0.800713873	0.542801556	1.187234043	36	18	5	4265
C2.8_ETH4265	2022	C2-8	C2-8	10090	3.14	3.44	32.7745098	6.58	1.127443137	0.522796353	1.095541401	27	21	6	4265
C2.8_ETH4265	2022	C2-8	C2-8	11033	3.03	5.32	28.66055046	8.35	1.524741284	0.637125749	1.755775578	29	22	7	4265
C2.8_ETH4265	2022	C2-8	C2-8	12090	4.38	5.79	31.41	10.17	1.818639	0.569321534	1.321917808	31	25	8	4265
C2.8_ETH4265	2022	C2-8	C2-8	13010	2.35	1.41	28.72727273	3.76	0.405054545	0.375	0.6	5	26	9	4265
C2.8_ETH4265	2022	C2-8	C2-8	14072	3.07	3.2	33.18681319	6.27	1.061978022	0.510366826	1.042345277	43	29	10	4265
C2.8_ETH4265	2023	C2-8	C2-8	636	5.71	4.798	32.8	10.508	1.573744	0.456604492	0.84028021	29	2	1	4265
C2.8_ETH4265	2023	C2-8	C2-8	831	4.19	1.454	31.00775194	5.644	0.450852713	0.25761871	0.347016706	17	7	2	4265
C2.8_ETH4265	2023	C2-8	C2-8	834	9.19	6.502	30.10752688	15.692	1.957591398	0.414351262	0.707508161	20	7	3	4265
C2.8_ETH4265	2023	C2-8	C2-8	1009	5.25	3.704	37.5	8.954	1.389	0.413669868	0.70552381	19	11	4	4265
C2.8_ETH4265	2023	C2-8	C2-8	1040	3.09	4.202	29.72972973	7.292	1.249243243	0.576247943	1.35987055	50	11	5	4265
C2.8_ETH4265	2023	C2-8	C2-8	1050	13.5	5.924	39.17525773	19.424	2.320742268	0.304983526	0.438814815	55	12	6	4265
C2.8_ETH4265	2023	C2-8	C2-8	1068	7.535	6.708	37.98449612	14.243	2.548	0.470968195	0.890245521	37	12	7	4265
C2.8_ETH4265	2023	C2-8	C2-8	1070	5.01	4.826	37.6146789	9.836	1.815284404	0.490646604	0.963273453	35	12	8	4265
C2.8_ETH4265	2023	C2-8	C2-8	1166	4.62	3.978	35.55555556	8.598	1.4144	0.462665736	0.861038961	27	14	9	4265
C2.8_ETH4265	2023	C2-8	C2-8	1221	8.51	5.212	32.69230769	13.722	1.703923077	0.379828013	0.612455934	55	15	10	4265
C2.8_ETH4265	2023	C2-8	C2-8	1398	3.45	4.346	36.73469388	7.796	1.596489796	0.557465367	1.259710145	56	19	11	4265
C2.8_ETH4265	2023	C2-8	C2-8	1513	5.65	3.682	36	9.332	1.32552	0.394556365	0.651681416	32	22	12	4265
C2.8_ETH4265	2023	C2-8	C2-8	1548	10.7	6.522	34.69387755	17.222	2.262734694	0.378701661	0.60953271	30	23	13	4265
C2.8_ETH4265	2023	C2-8	C2-8	1646	4.72	4.754	34.95145631	9.474	1.661592233	0.501794385	1.00720339	40	25	14	4265
C2.8_ETH4265	2023	C2-8	C2-8	1650	2.89	3.546	38.29787234	6.436	1.358042553	0.550963331	1.226989619	44	25	15	4265
C2.8_ETH4265	2023	C2-8	C2-8	1678	3.26	4.072	24.13793103	7.332	0.982896552	0.555373704	1.249079755	43	26	16	4265
C2.8_ETH4265	2023	C2-8	C2-8	1781	2.97	2.748	35.77981651	5.718	0.983229358	0.480587618	0.925252525	28	28	17	4265
C2.8_ETH4265	2024	C2-8	C2-8	6024	2.15	3.23	38.4	5.38	1.24032	0.600371747	1.502325581	41	10	1	4265
C2.8_ETH4265	2024	C2-8	C2-8	6049	3.8	6.35	40	10.15	2.54	0.625615764	1.671052632	16	10	2	4265
C2.8_ETH4265	2024	C2-8	C2-8	7002	2.4	4.3	35.9375	6.7	1.5453125	0.641791045	1.791666667	40	11	3	4265
C2.8_ETH4265	2024	C2-8	C2-8	7086	1.45	1.94	40.6779661	3.39	0.789152542	0.572271386	1.337931034	5	12	4	4265
C2.8_ETH4265	2024	C2-8	C2-8	8059	3.86	4.82	41.80327869	8.68	2.014918033	0.555299539	1.248704663	58	14	5	4265
C2.8_ETH4265	2024	C2-8	C2-8	9005	2.32	3.9	34.86238532	6.22	1.359633028	0.627009646	1.681034483	10	14	6	4265
C2.8_ETH4265	2024	C2-8	C2-8	9020	1.36	3.34	41.30434783	4.7	1.379565217	0.710638298	2.455882353	6	15	7	4265
C2.8_ETH4265	2024	C2-8	C2-8	10036	1.85	2.64	34.4	4.49	0.90816	0.587973274	1.427027027	5	16	8	4265
C2.8_ETH4265	2024	C2-8	C2-8	10082	2.42	3.89	34.67741935	6.31	1.348951613	0.616481775	1.607438017	42	17	9	4265
C2.8_ETH4265	2024	C2-8	C2-8	11075	1.73	2.57	35.24590164	4.3	0.905819672	0.597674419	1.485549133	9	19	10	4265
C2.8_ETH4265	2024	C2-8	C2-8	12076	1.28	2.62	32.28346457	3.9	0.845826772	0.671794872	2.046875	17	20	11	4265
C2.8_ETH4265	2024	C2-8	C2-8	13054	2.19	3.92	37.95620438	6.11	1.487883212	0.641571195	1.789954338	64	21	12	4265
C2.8_ETH4265	2024	C2-8	C2-8	13088	1.07	0.94	33.58778626	2.01	0.315725191	0.467661692	0.878504673	31	22	13	4265
C2.8_ETH4265	2024	C2-8	C2-8	14034	1.34	3.25	38.83495146	4.59	1.262135922	0.708061002	2.425373134	18	23	14	4265
C2.8_ETH4265	2024	C2-8	C2-8	14049	1.66	3.36	33.05785124	5.02	1.110743802	0.669322709	2.024096386	33	23	15	4265
C2.8_ETH4265	2024	C2-8	C2-8	15004	1.57	3.05	40	4.62	1.22	0.66017316	1.942675159	39	24	16	4265
C2.8_ETH4265	2024	C2-8	C2-8	15009	0.9	0.88	38.04347826	1.78	0.334782609	0.494382022	0.977777778	34	24	17	4265
C2.8_ETH4265	2024	C2-8	C2-8	16042	2.32	5.66	33.61344538	7.98	1.902521008	0.709273183	2.439655172	27	26	18	4265
C2.8_ETH4265	2024	C2-8	C2-8	16053	1.55	2.98	35.71428571	4.53	1.064285714	0.657836645	1.922580645	16	26	19	4265
C2.8_ETH4265	2024	C2-8	C2-8	17070	1.71	3.04	38.58267717	4.75	1.172913386	0.64	1.777777778	25	28	20	4265
C2.8_ETH4265	2024	C2-8	C2-8	17083	1.36	2.88	39.04109589	4.24	1.124383562	0.679245283	2.117647059	12	28	21	4265
C2.8_ETH4266	2022	C2-8	C2-8	5097	3.49	2.24	37.65957447	5.73	0.843574468	0.390924956	0.641833811	10	11	1	4266
C2.8_ETH4266	2022	C2-8	C2-8	6084	2.85	1.89	32.08571429	4.74	0.60642	0.398734177	0.663157895	25	13	2	4266
C2.8_ETH4266	2022	C2-8	C2-8	7075	2.63	3.17	31.28104575	5.8	0.99160915	0.546551724	1.205323194	36	15	3	4266
C2.8_ETH4266	2022	C2-8	C2-8	8071	4.26	5.22	32.15	9.48	1.67823	0.550632911	1.225352113	42	17	4	4266
C2.8_ETH4266	2022	C2-8	C2-8	9077	3.32	4	32.96685083	7.32	1.318674033	0.546448087	1.204819277	38	19	5	4266
C2.8_ETH4266	2022	C2-8	C2-8	10074	2.37	1.97	37.46078431	4.34	0.737977451	0.453917051	0.831223629	43	21	6	4266
C2.8_ETH4266	2022	C2-8	C2-8	11024	6.45	5.56	29.1509434	12.01	1.620792453	0.462947544	0.862015504	20	22	7	4266
C2.8_ETH4266	2022	C2-8	C2-8	12023	4.92	5.9	25.16304348	10.82	1.484619565	0.545286506	1.199186992	17	24	8	4266
C2.8_ETH4266	2022	C2-8	C2-8	13071	4.72	5.8	30.83486239	10.52	1.788422018	0.551330798	1.228813559	49	27	9	4266
C2.8_ETH4266	2022	C2-8	C2-8	14093	1.15	1.16	35.51136364	2.31	0.411931818	0.502164502	1.008695652	22	29	10	4266
C2.8_ETH4266	2023	C2-8	C2-8	648	1.84	2.308	40.90909091	4.148	0.944181818	0.556412729	1.254347826	17	2	1	4266
C2.8_ETH4266	2023	C2-8	C2-8	800	6.77	4.216	38.01652893	10.986	1.60277686	0.383761151	0.622747415	41	6	2	4266
C2.8_ETH4266	2023	C2-8	C2-8	851	3.72	2.692	40	6.412	1.0768	0.419837804	0.723655914	37	7	3	4266
C2.8_ETH4266	2023	C2-8	C2-8	940	3.26	0.962	39.24050633	4.222	0.377493671	0.227854098	0.295092025	38	9	4	4266
C2.8_ETH4266	2023	C2-8	C2-8	970	7.42	4.354	33.61344538	11.774	1.463529412	0.36979786	0.586792453	47	10	5	4266
C2.8_ETH4266	2023	C2-8	C2-8	998	3.64	3.066	39.77272727	6.706	1.219431818	0.457202505	0.842307692	19	10	6	4266
C2.8_ETH4266	2023	C2-8	C2-8	1067	4.1	2.728	31.39534884	6.828	0.856465116	0.399531342	0.665365854	38	12	7	4266
C2.8_ETH4266	2023	C2-8	C2-8	1102	6.1	4.066	38.38383838	10.166	1.560686869	0.399960653	0.666557377	24	13	8	4266
C2.8_ETH4266	2023	C2-8	C2-8	1148	6.62	5.246	30.25210084	11.866	1.58702521	0.442103489	0.79244713	45	14	9	4266
C2.8_ETH4266	2023	C2-8	C2-8	1203	3.68	2.564	38.46153846	6.244	0.986153846	0.410634209	0.69673913	37	15	10	4266
C2.8_ETH4266	2023	C2-8	C2-8	1205	8.08	4.906	30.70175439	12.986	1.50622807	0.377791468	0.607178218	39	15	11	4266
C2.8_ETH4266	2023	C2-8	C2-8	1270	4.18	3.938	34.52380952	8.118	1.359547619	0.485094851	0.942105263	16	17	12	4266
C2.8_ETH4266	2023	C2-8	C2-8	1361	6.32	5.786	35.0877193	12.106	2.030175439	0.477944821	0.915506329	19	19	13	4266
C2.8_ETH4266	2023	C2-8	C2-8	1478	3.45	5.164	38.46153846	8.614	1.986153846	0.599489204	1.496811594	48	21	14	4266
C2.8_ETH4266	2023	C2-8	C2-8	1585	2.75	3.7	38.70967742	6.45	1.432258065	0.573643411	1.345454545	48	24	15	4266
C2.8_ETH4266	2023	C2-8	C2-8	1770	6.3	4.244	29.89690722	10.544	1.268824742	0.402503794	0.673650794	39	28	16	4266
C2.8_ETH4266	2023	C2-8	C2-8	1771	6.16	5.28	36.53846154	11.44	1.929230769	0.461538462	0.857142857	38	28	17	4266
C2.8_ETH4266	2023	C2-8	C2-8	1819	4.01	3.714	36.9047619	7.724	1.370642857	0.480838944	0.926184539	37	29	18	4266
C2.8_ETH4266	2024	C2-8	C2-8	6035	2.64	4.15	30.08130081	6.79	1.248373984	0.611192931	1.571969697	30	10	1	4266
C2.8_ETH4266	2024	C2-8	C2-8	8025	1.2	2.3	36	3.5	0.828	0.657142857	1.916666667	37	13	2	4266
C2.8_ETH4266	2024	C2-8	C2-8	9069	2.48	3.9	38.79310345	6.38	1.512931034	0.611285266	1.572580645	55	15	3	4266
C2.8_ETH4266	2024	C2-8	C2-8	10026	1.9	3.61	39.84962406	5.51	1.438571429	0.655172414	1.9	15	16	4	4266
C2.8_ETH4266	2024	C2-8	C2-8	11060	2.53	3.2	33.57664234	5.73	1.074452555	0.558464223	1.264822134	7	18	5	4266
C2.8_ETH4266	2024	C2-8	C2-8	12087	2.42	5.11	34.88372093	7.53	1.78255814	0.678618858	2.111570248	6	20	6	4266
C2.8_ETH4266	2024	C2-8	C2-8	13038	2.26	2.75	31.00775194	5.01	0.852713178	0.548902196	1.216814159	48	21	7	4266
C2.8_ETH4266	2024	C2-8	C2-8	14023	2.83	4.64	38.97058824	7.47	1.808235294	0.621151272	1.639575972	7	23	8	4266
C2.8_ETH4266	2024	C2-8	C2-8	15008	1.13	2.2	35.45454545	3.33	0.78	0.660660661	1.946902655	35	24	9	4266
C2.8_ETH4266	2024	C2-8	C2-8	16069	0.3	0.24	34.375	0.54	0.0825	0.444444444	0.8	1	27	10	4266
C2.8_ETH4266	2024	C2-8	C2-8	17093	0.72	1.78	36.89320388	2.5	0.656699029	0.712	2.472222222	2	28	11	4266
VC_ETH4218	2022	VC_18	VC	5107	4.22	2.43	32.92929293	6.65	0.800181818	0.365413534	0.575829384	1	12	1	4218
VC_ETH4218	2022	VC_18	VC	6101	2.93	1.72	33.54320988	4.65	0.57694321	0.369892473	0.587030717	8	13	2	4218
VC_ETH4218	2022	VC_18	VC	7108	3	1.41	29.35185185	4.41	0.413861111	0.319727891	0.47	3	15	3	4218
VC_ETH4218	2022	VC_18	VC	8057	2.36	0.93	34.06557377	3.29	0.316809836	0.282674772	0.394067797	56	17	4	4218
VC_ETH4218	2022	VC_18	VC	9058	4.49	1.6	31.23770492	6.09	0.499803279	0.26272578	0.356347439	57	19	5	4218
VC_ETH4218	2022	VC_18	VC	10002	2.97	1.65	31.72115385	4.62	0.523399038	0.357142857	0.555555556	1	19	6	4218
VC_ETH4218	2022	VC_18	VC	11009	4.09	2.04	32.08080808	6.13	0.654448485	0.33278956	0.498777506	5	22	7	4218
VC_ETH4218	2022	VC_18	VC	12001	1.61	1.54	23.83333333	3.15	0.367033333	0.488888889	0.956521739	6	23	8	4218
VC_ETH4218	2022	VC_18	VC	13025	5.5	2.65	33.27956989	8.15	0.881908602	0.325153374	0.481818182	20	26	9	4218
VC_ETH4218	2022	VC_18	VC	14091	3.94	3.24	36.49494949	7.18	1.182436364	0.451253482	0.822335025	24	29	10	4218
VC_ETH4218	2023	VC_18	VC	576	3.46	4.052	38.82352941	7.512	1.573129412	0.539403621	1.171098266	26	1	1	4218
VC_ETH4218	2023	VC_18	VC	599	5.43	5.28	38.59649123	10.71	2.037894737	0.492997199	0.972375691	49	1	2	4218
VC_ETH4218	2023	VC_18	VC	713	0.53	0.65	38.70967742	1.18	0.251612903	0.550847458	1.226415094	40	4	3	4218
VC_ETH4218	2023	VC_18	VC	757	5.35	3.334	33.33333333	8.684	1.111333333	0.383924459	0.62317757	31	5	4	4218
VC_ETH4218	2023	VC_18	VC	934	2.97	2.1108	36.26373626	5.0808	0.765454945	0.415446386	0.710707071	32	9	5	4218
VC_ETH4218	2023	VC_18	VC	942	8.47	4.526	31.13207547	12.996	1.409037736	0.348261003	0.534356553	40	9	6	4218
VC_ETH4218	2023	VC_18	VC	987	2.98	2.912	36.60714286	5.892	1.066	0.494229464	0.977181208	30	10	7	4218
VC_ETH4218	2023	VC_18	VC	1017	6.76	4.078	34.34343434	10.838	1.400525253	0.376268684	0.603254438	27	11	8	4218
VC_ETH4218	2023	VC_18	VC	1108	4.07	3.158	36.66666667	7.228	1.157933333	0.436912009	0.775921376	30	13	9	4218
VC_ETH4218	2023	VC_18	VC	1298	4.83	5.22	39.42307692	10.05	2.057884615	0.519402985	1.080745342	44	17	10	4218
VC_ETH4218	2023	VC_18	VC	1302	4.03	4.266	37.07865169	8.296	1.581775281	0.514223722	1.058560794	48	17	11	4218
VC_ETH4218	2023	VC_18	VC	1400	2.38	2.66	37.25490196	5.04	0.990980392	0.527777778	1.117647059	57	20	12	4218
VC_ETH4218	2023	VC_18	VC	1429	2.64	0.394	33.96226415	3.034	0.133811321	0.129861569	0.149242424	28	20	13	4218
VC_ETH4218	2023	VC_18	VC	1556	4.35	4.944	43	9.294	2.12592	0.531956101	1.136551724	38	23	14	4218
VC_ETH4218	2023	VC_18	VC	1635	3.39	4.216	30.76923077	7.606	1.297230769	0.554299237	1.243657817	29	25	15	4218
VC_ETH4218	2023	VC_18	VC	1722	9.32	5.614	33.66336634	14.934	1.889861386	0.375920718	0.602360515	28	27	16	4218
VC_ETH4218	2023	VC_18	VC	1796	2.88	2.398	35.64356436	5.278	0.854732673	0.454338765	0.832638889	14	29	17	4218
VC_ETH4218	2024	VC_18	VC	6085	2.58	4.5	38.20224719	7.08	1.719101124	0.63559322	1.744186047	21	11	1	4218
VC_ETH4218	2024	VC_18	VC	8016	1.8	3.18	31.81818182	4.98	1.011818182	0.638554217	1.766666667	28	13	2	4218
VC_ETH4218	2024	VC_18	VC	9065	1.91	2.57	38.73873874	4.48	0.995585586	0.573660714	1.345549738	51	15	3	4218
VC_ETH4218	2024	VC_18	VC	10064	3.07	4.52	31.25	7.59	1.4125	0.595520422	1.472312704	24	17	4	4218
VC_ETH4218	2024	VC_18	VC	11096	1.3	1.73	28.09917355	3.03	0.486115702	0.570957096	1.330769231	30	19	5	4218
VC_ETH4218	2024	VC_18	VC	12027	3.39	4.54	36.58536585	7.93	1.66097561	0.572509458	1.339233038	63	19	6	4218
VC_ETH4218	2024	VC_18	VC	13009	2.14	4.6	36.50793651	6.74	1.679365079	0.682492582	2.14953271	19	21	7	4218
VC_ETH4218	2024	VC_18	VC	14078	2.5	4.11	43.92523364	6.61	1.805327103	0.621785174	1.644	62	23	8	4218
VC_ETH4218	2024	VC_18	VC	16048	2.46	3.83	35.29411765	6.29	1.351764706	0.608903021	1.556910569	21	26	9	4218
VC_ETH4218	2024	VC_18	VC	17085	2.01	2.82	42.05607477	4.83	1.185981308	0.583850932	1.402985075	10	28	10	4218
VC_ETH4220	2022	VC_20	VC	5085	5.38	4.32	30.76	9.7	1.328832	0.445360825	0.802973978	22	11	1	4220
VC_ETH4220	2022	VC_20	VC	6097	3.04	1.29	26.28571429	4.33	0.339085714	0.297921478	0.424342105	12	13	2	4220
VC_ETH4220	2022	VC_20	VC	7079	5.14	4.62	32.64179104	9.76	1.508050746	0.473360656	0.898832685	32	15	3	4220
VC_ETH4220	2022	VC_20	VC	8082	3.31	1.63	33.66473988	4.94	0.54873526	0.329959514	0.49244713	31	17	4	4220
VC_ETH4220	2022	VC_20	VC	9035	3.64	1.91	31.38095238	5.55	0.59937619	0.344144144	0.524725275	35	18	5	4220
VC_ETH4220	2022	VC_20	VC	10018	2.03	1.12	24.65217391	3.15	0.276104348	0.355555556	0.551724138	16	20	6	4220
VC_ETH4220	2022	VC_20	VC	11027	7.46	3.19	34.45544554	10.65	1.099128713	0.299530516	0.427613941	23	22	7	4220
VC_ETH4220	2022	VC_20	VC	12039	3.35	2.05	37.35294118	5.4	0.765735294	0.37962963	0.611940299	33	24	8	4220
VC_ETH4220	2022	VC_20	VC	13062	3.01	1.6	35.22413793	4.61	0.563586207	0.347071584	0.531561462	57	26	9	4220
VC_ETH4220	2022	VC_20	VC	14050	4.9	5.82	31.94174757	10.72	1.859009709	0.542910448	1.187755102	50	28	10	4220
VC_ETH4220	2023	VC_20	VC	662	3.15	2.36	39.42307692	5.51	0.930384615	0.42831216	0.749206349	24	3	1	4220
VC_ETH4220	2023	VC_20	VC	729	10.84	10.618	38.33333333	21.458	4.070233333	0.494827104	0.979520295	24	4	2	4220
VC_ETH4220	2023	VC_20	VC	774	3.62	4.064	40	7.684	1.6256	0.528891202	1.122651934	48	5	3	4220
VC_ETH4220	2023	VC_20	VC	798	6.8	3.939	28.94736842	10.739	1.140236842	0.366793929	0.579264706	43	6	4	4220
VC_ETH4220	2023	VC_20	VC	830	3.35	1.754	27.82608696	5.104	0.488069565	0.343652038	0.52358209	16	7	5	4220
VC_ETH4220	2023	VC_20	VC	918	7.49	5.598	41.17647059	13.088	2.305058824	0.427720049	0.747396529	16	9	6	4220
VC_ETH4220	2023	VC_20	VC	930	6.4	3.994	37	10.394	1.47778	0.38426015	0.6240625	28	9	7	4220
VC_ETH4220	2023	VC_20	VC	938	8.21	6.188	19.41747573	14.398	1.201553398	0.429781914	0.753714982	36	9	8	4220
VC_ETH4220	2023	VC_20	VC	1042	3.24	2.362	33.67346939	5.602	0.795367347	0.42163513	0.729012346	52	11	9	4220
VC_ETH4220	2023	VC_20	VC	1176	4.21	3.258	35.29411765	7.468	1.149882353	0.436261382	0.773871734	17	14	10	4220
VC_ETH4220	2023	VC_20	VC	1273	4.83	4.826	33.64485981	9.656	1.623700935	0.499792875	0.999171843	19	17	11	4220
VC_ETH4220	2023	VC_20	VC	1418	1	0.88	38.96103896	1.88	0.342857143	0.468085106	0.88	39	20	12	4220
VC_ETH4220	2023	VC_20	VC	1431	2.85	1.67	31.3559322	4.52	0.523644068	0.369469027	0.585964912	26	20	13	4220
VC_ETH4220	2023	VC_20	VC	1472	2.03	2.356	38.37209302	4.386	0.904046512	0.537163703	1.160591133	42	21	14	4220
VC_ETH4220	2023	VC_20	VC	1602	5.22	5.044	31.77570093	10.264	1.602766355	0.491426345	0.966283525	31	24	15	4220
VC_ETH4220	2023	VC_20	VC	1636	4.56	3.47	33.63636364	8.03	1.167181818	0.432129514	0.760964912	30	25	16	4220
VC_ETH4220	2023	VC_20	VC	1652	3.26	5.3	36.26373626	8.56	1.921978022	0.619158879	1.625766871	46	25	17	4220
VC_ETH4220	2023	VC_20	VC	1818	3.65	2.952	34.86238532	6.602	1.029137615	0.447137231	0.808767123	36	29	18	4220
VC_ETH4220	2024	VC_20	VC	6009	3.45	4.6	41.17647059	8.05	1.894117647	0.571428571	1.333333333	56	10	1	4220
VC_ETH4220	2024	VC_20	VC	7025	3.67	5.03	31.3559322	8.7	1.57720339	0.57816092	1.370572207	63	11	2	4220
VC_ETH4220	2024	VC_20	VC	8075	2.26	4.25	38.18181818	6.51	1.622727273	0.652841782	1.880530973	42	14	3	4220
VC_ETH4220	2024	VC_20	VC	9043	2.21	3.78	41.32231405	5.99	1.561983471	0.631051753	1.71040724	29	15	4	4220
VC_ETH4220	2024	VC_20	VC	10053	2.77	5.58	39.16666667	8.35	2.1855	0.668263473	2.014440433	13	17	5	4220
VC_ETH4220	2024	VC_20	VC	11041	2.5	4.46	36.13445378	6.96	1.611596639	0.640804598	1.784	26	18	6	4220
VC_ETH4220	2024	VC_20	VC	12007	2.42	3.61	29.90654206	6.03	1.079626168	0.5986733	1.491735537	43	19	7	4220
VC_ETH4220	2024	VC_20	VC	13003	2	4.43	38.21138211	6.43	1.692764228	0.688958009	2.215	13	21	8	4220
VC_ETH4220	2024	VC_20	VC	14072	2.31	3.97	37.25490196	6.28	1.479019608	0.632165605	1.718614719	56	23	9	4220
VC_ETH4220	2024	VC_20	VC	15005	1.41	1.45	33.33333333	2.86	0.483333333	0.506993007	1.028368794	38	24	10	4220
VC_ETH4220	2024	VC_20	VC	17094	1.16	2.5	39.37007874	3.66	0.984251969	0.683060109	2.155172414	1	28	11	4220
VC_ETH4221	2022	VC_21	VC	5102	1.29	0.74	36.18421053	2.03	0.267763158	0.36453202	0.573643411	5	11	1	4221
VC_ETH4221	2022	VC_21	VC	6017	2.35	1.11	34.27848101	3.46	0.380491139	0.320809249	0.472340426	23	12	2	4221
VC_ETH4221	2022	VC_21	VC	7100	5.33	2.13	31.27906977	7.46	0.666244186	0.285522788	0.399624765	11	15	3	4221
VC_ETH4221	2022	VC_21	VC	8006	1.61	0.54	37.22222222	2.15	0.201	0.251162791	0.335403727	8	16	4	4221
VC_ETH4221	2022	VC_21	VC	9081	3.22	1.24	35.05	4.46	0.43462	0.278026906	0.385093168	34	19	5	4221
VC_ETH4221	2022	VC_21	VC	10061	2.7	1.06	34.61538462	3.76	0.366923077	0.281914894	0.392592593	56	21	6	4221
VC_ETH4221	2022	VC_21	VC	11108	3.52	3.49	22.58888889	7.01	0.788352222	0.4978602	0.991477273	11	23	7	4221
VC_ETH4221	2022	VC_21	VC	12070	2.78	3.54	34.06363636	6.32	1.205852727	0.560126582	1.273381295	51	25	8	4221
VC_ETH4221	2022	VC_21	VC	13088	3.79	2.24	31.62280702	6.03	0.708350877	0.371475954	0.591029024	32	27	9	4221
VC_ETH4221	2022	VC_21	VC	14094	2.04	1.59	34.64646465	3.63	0.550878788	0.438016529	0.779411765	21	29	10	4221
VC_ETH4221	2023	VC_21	VC	608	4.84	4.11	37.17948718	8.95	1.528076923	0.459217877	0.849173554	57	2	1	4221
VC_ETH4221	2023	VC_21	VC	677	6.49	7.658	36.69724771	14.148	2.810275229	0.541277919	1.179969183	39	3	2	4221
VC_ETH4221	2023	VC_21	VC	737	6.89	4.792	35.18518519	11.682	1.686074074	0.410203732	0.695500726	16	4	3	4221
VC_ETH4221	2023	VC_21	VC	739	9.23	3.132	28.57142857	12.362	0.894857143	0.253357062	0.339328277	14	4	4	4221
VC_ETH4221	2023	VC_21	VC	820	7.11	3.974	30.33707865	11.084	1.205595506	0.358534825	0.558931083	21	6	5	4221
VC_ETH4221	2023	VC_21	VC	1053	3.86	3.456	34.375	7.316	1.188	0.472389284	0.895336788	52	12	6	4221
VC_ETH4221	2023	VC_21	VC	1064	5.72	2.556	35.9223301	8.276	0.918174757	0.308844853	0.446853147	41	12	7	4221
VC_ETH4221	2023	VC_21	VC	1089	5.27	5.372	38.94736842	10.642	2.092252632	0.504792332	1.019354839	16	12	8	4221
VC_ETH4221	2023	VC_21	VC	1293	5.07	5.4	33.98058252	10.47	1.834951456	0.515759312	1.065088757	39	17	9	4221
VC_ETH4221	2023	VC_21	VC	1414	3.07	4.956	33.33333333	8.026	1.652	0.617493147	1.614332248	43	20	10	4221
VC_ETH4221	2023	VC_21	VC	1453	7.52	2.834	30.83333333	10.354	0.873816667	0.273710643	0.376861702	23	21	11	4221
VC_ETH4221	2023	VC_21	VC	1479	3.06	4.456	34.21052632	7.516	1.524421053	0.592868547	1.45620915	49	21	12	4221
VC_ETH4221	2023	VC_21	VC	1571	2.36	2.92	36.03603604	5.28	1.052252252	0.553030303	1.237288136	53	23	13	4221
VC_ETH4221	2023	VC_21	VC	1598	5.77	3.548	36.55913978	9.318	1.29711828	0.380768405	0.614904679	35	24	14	4221
VC_ETH4221	2023	VC_21	VC	1676	2.3	2.062	32.25806452	4.362	0.66516129	0.472718936	0.896521739	45	26	15	4221
VC_ETH4221	2023	VC_21	VC	1690	3.89	3.298	30.47619048	7.188	1.005104762	0.458820256	0.84781491	31	26	16	4221
VC_ETH4221	2023	VC_21	VC	1746	3.02	3.962	33.62068966	6.982	1.332051724	0.567459181	1.31192053	52	27	17	4221
VC_ETH4221	2023	VC_21	VC	1795	1.94	1.092	31.37254902	3.032	0.342588235	0.360158311	0.562886598	14	28	18	4221
VC_ETH4221	2024	VC_21	VC	6039	3.47	4.39	34.10852713	7.86	1.497364341	0.558524173	1.265129683	26	10	1	4221
VC_ETH4221	2024	VC_21	VC	7024	2.91	3.48	36.8	6.39	1.28064	0.544600939	1.195876289	62	11	2	4221
VC_ETH4221	2024	VC_21	VC	9049	1.76	2.4	32.30769231	4.16	0.775384615	0.576923077	1.363636364	35	15	3	4221
VC_ETH4221	2024	VC_21	VC	10015	1.4	3.56	38.88888889	4.96	1.384444444	0.717741935	2.542857143	26	16	4	4221
VC_ETH4221	2024	VC_21	VC	11076	2.25	3.19	32.69230769	5.44	1.042884615	0.586397059	1.417777778	10	19	5	4221
VC_ETH4221	2024	VC_21	VC	13063	1.56	2.97	34.73684211	4.53	1.031684211	0.655629139	1.903846154	56	22	6	4221
VC_ETH4221	2024	VC_21	VC	14042	2.25	4.62	38.33333333	6.87	1.771	0.672489083	2.053333333	26	23	7	4221
VC_ETH4221	2024	VC_21	VC	15048	1.94	4.78	34.26573427	6.72	1.637902098	0.711309524	2.463917526	6	25	8	4221
VC_ETH4221	2024	VC_21	VC	16037	1.22	2.91	39.25233645	4.13	1.142242991	0.704600484	2.385245902	32	26	9	4221
VC_ETH4221	2024	VC_21	VC	17003	1.13	1.29	31.03448276	2.42	0.400344828	0.533057851	1.14159292	37	27	10	4221
VC_ETH4234	2022	VC_34	VC	5009	5.77	3.45	32.41758242	9.22	1.118406593	0.374186551	0.597920277	17	10	1	4234
VC_ETH4234	2022	VC_34	VC	6044	3.45	2.25	38.1372549	5.7	0.858088235	0.394736842	0.652173913	50	12	2	4234
VC_ETH4234	2022	VC_34	VC	7051	4.17	1.45	33.94827586	5.62	0.49225	0.258007117	0.347721823	55	14	3	4234
VC_ETH4234	2022	VC_34	VC	8061	2.32	1.57	37.65671642	3.89	0.591210448	0.403598972	0.676724138	52	17	4	4234
VC_ETH4234	2022	VC_34	VC	9044	4.04	1.45	29.15315315	5.49	0.422720721	0.264116576	0.358910891	44	18	5	4234
VC_ETH4234	2022	VC_34	VC	10056	3.95	1.86	34.25490196	5.81	0.637141176	0.320137694	0.470886076	54	20	6	4234
VC_ETH4234	2022	VC_34	VC	11065	2.93	2.18	35.89247312	5.11	0.782455914	0.426614481	0.744027304	54	23	7	4234
VC_ETH4234	2022	VC_34	VC	12043	2.35	1.98	24.24074074	4.33	0.479966667	0.457274827	0.842553191	37	24	8	4234
VC_ETH4234	2022	VC_34	VC	13073	3.72	2.3	31.70786517	6.02	0.729280899	0.382059801	0.61827957	47	27	9	4234
VC_ETH4234	2022	VC_34	VC	14004	3.86	2.52	30.0625	6.38	0.757575	0.394984326	0.652849741	4	27	10	4234
VC_ETH4234	2023	VC_34	VC	618	5.91	7.03	35.57692308	12.94	2.501057692	0.543276662	1.189509306	47	2	1	4234
VC_ETH4234	2023	VC_34	VC	742	5.67	2.126	19.58762887	7.796	0.41643299	0.272703951	0.374955908	16	5	2	4234
VC_ETH4234	2023	VC_34	VC	745	7.2	3.35	23.25581395	10.55	0.779069767	0.317535545	0.465277778	19	5	3	4234
VC_ETH4234	2023	VC_34	VC	811	6.18	2.742	34.23423423	8.922	0.938702703	0.307330195	0.44368932	30	6	4	4234
VC_ETH4234	2023	VC_34	VC	897	2.84	3.054	38.61386139	5.894	1.179267327	0.518154055	1.075352113	32	8	5	4234
VC_ETH4234	2023	VC_34	VC	1061	10.95	6.344	36.47058824	17.294	2.313694118	0.366832427	0.579360731	44	12	6	4234
VC_ETH4234	2023	VC_34	VC	1185	8.47	6.986	29.80769231	15.456	2.082365385	0.451992754	0.824793388	19	15	7	4234
VC_ETH4234	2023	VC_34	VC	1226	4.77	2.05	28.20512821	6.82	0.578205128	0.30058651	0.429769392	55	16	8	4234
VC_ETH4234	2023	VC_34	VC	1308	7.36	4.224	39.28571429	11.584	1.659428571	0.364640884	0.573913043	54	17	9	4234
VC_ETH4234	2023	VC_34	VC	1328	2.24	2.086	40	4.326	0.8344	0.482200647	0.93125	41	18	10	4234
VC_ETH4234	2023	VC_34	VC	1484	2.41	4.394	37.00787402	6.804	1.626125984	0.64579659	1.823236515	54	21	11	4234
VC_ETH4234	2023	VC_34	VC	1488	2.86	4.392	35.45454545	7.252	1.557163636	0.605626034	1.535664336	57	22	12	4234
VC_ETH4234	2023	VC_34	VC	1538	6.38	3.496	35.34482759	9.876	1.235655172	0.353989469	0.547962382	20	23	13	4234
VC_ETH4234	2023	VC_34	VC	1606	7.63	3.382	31.3253012	11.012	1.059421687	0.307119506	0.443250328	27	24	14	4234
VC_ETH4234	2023	VC_34	VC	1619	5.74	3.542	31.81818182	9.282	1.127	0.381598793	0.617073171	14	24	15	4234
VC_ETH4234	2023	VC_34	VC	1629	6.6	2.98	34.44444444	9.58	1.026444444	0.311064718	0.451515152	23	25	16	4234
VC_ETH4234	2023	VC_34	VC	1800	4	4.122	37.07865169	8.122	1.528382022	0.507510465	1.0305	18	29	17	4234
VC_ETH4234	2023	VC_34	VC	1826	4.63	4.116	31.06796117	8.746	1.278757282	0.470615138	0.888984881	44	29	18	4234
VC_ETH4234	2024	VC_34	VC	6101	1.69	3.59	32.82442748	5.28	1.178396947	0.679924242	2.124260355	37	11	1	4234
VC_ETH4234	2024	VC_34	VC	7079	2.34	4.51	40.15748031	6.85	1.811102362	0.658394161	1.927350427	12	12	2	4234
VC_ETH4234	2024	VC_34	VC	9058	1.91	3.52	40.32258065	5.43	1.419354839	0.64825046	1.842931937	44	15	3	4234
VC_ETH4234	2024	VC_34	VC	11006	2.63	3.4	35.13513514	6.03	1.194594595	0.56384743	1.292775665	61	18	4	4234
VC_ETH4234	2024	VC_34	VC	12071	1.99	3.09	35.65891473	5.08	1.101860465	0.608267717	1.552763819	22	20	5	4234
VC_ETH4234	2024	VC_34	VC	13051	3.14	4.83	41.37931034	7.97	1.99862069	0.606022585	1.538216561	61	21	6	4234
VC_ETH4234	2024	VC_34	VC	14022	2.6	4.3	43.96551724	6.9	1.890517241	0.623188406	1.653846154	6	23	7	4234
VC_ETH4234	2024	VC_34	VC	15036	2.22	3.53	39.55223881	5.75	1.39619403	0.613913043	1.59009009	7	24	8	4234
VC_ETH4234	2024	VC_34	VC	16013	2.28	4.06	33.83458647	6.34	1.373684211	0.640378549	1.780701754	56	26	9	4234
VC_ETH4234	2024	VC_34	VC	17080	1.77	3.76	37.79527559	5.53	1.421102362	0.679927667	2.124293785	15	28	10	4234
VC_ETH4243	2022	VC_43	VC	5057	0.44	0.22	38.72727273	0.66	0.0852	0.333333333	0.5	50	11	1	4243
VC_ETH4243	2022	VC_43	VC	6031	4.95	4.63	33.7	9.58	1.56031	0.483298539	0.935353535	37	12	2	4243
VC_ETH4243	2022	VC_43	VC	7001	2.37	1.26	31.84782609	3.63	0.401282609	0.347107438	0.53164557	5	14	3	4243
VC_ETH4243	2022	VC_43	VC	8092	2.16	1	35.8	3.16	0.358	0.316455696	0.462962963	21	17	4	4243
VC_ETH4243	2022	VC_43	VC	9102	2.84	1.36	35.55555556	4.2	0.483555556	0.323809524	0.478873239	13	19	5	4243
VC_ETH4243	2022	VC_43	VC	10105	1.8	1.59	32.82142857	3.39	0.521860714	0.469026549	0.883333333	12	21	6	4243
VC_ETH4243	2022	VC_43	VC	11088	1.01	0.98	35.60747664	1.99	0.348953271	0.492462312	0.97029703	31	23	7	4243
VC_ETH4243	2022	VC_43	VC	12036	2.39	1.87	31	4.26	0.5797	0.438967136	0.782426778	30	24	8	4243
VC_ETH4243	2022	VC_43	VC	13067	3.05	4.09	31.01886792	7.14	1.268671698	0.572829132	1.340983607	53	27	9	4243
VC_ETH4243	2022	VC_43	VC	14081	2.54	2.27	35.4368932	4.81	0.804417476	0.471933472	0.893700787	34	29	10	4243
VC_ETH4243	2023	VC_43	VC	582	2.98	2.682	35.05154639	5.662	0.940082474	0.473684211	0.9	32	1	1	4243
VC_ETH4243	2023	VC_43	VC	589	4.5	4.032	38.80597015	8.532	1.564656716	0.47257384	0.896	39	1	2	4243
VC_ETH4243	2023	VC_43	VC	704	2.28	3.226	37.77777778	5.506	1.218711111	0.585906284	1.414912281	49	4	3	4243
VC_ETH4243	2023	VC_43	VC	751	7.39	2.396	37.25490196	9.786	0.892627451	0.244839567	0.324221922	25	5	4	4243
VC_ETH4243	2023	VC_43	VC	764	6.66	5.998	34.23423423	12.658	2.053369369	0.473850529	0.900600601	38	5	5	4243
VC_ETH4243	2023	VC_43	VC	872	5.35	2.77	36.03603604	8.12	0.998198198	0.341133005	0.517757009	57	8	6	4243
VC_ETH4243	2023	VC_43	VC	911	7.58	4.794	37	12.374	1.77378	0.387425246	0.632453826	18	8	7	4243
VC_ETH4243	2023	VC_43	VC	996	4.86	4.794	39.80582524	9.654	1.908291262	0.496581728	0.986419753	21	10	8	4243
VC_ETH4243	2023	VC_43	VC	1127	6.26	4.09	39.13043478	10.35	1.600434783	0.395169082	0.653354633	49	13	9	4243
VC_ETH4243	2023	VC_43	VC	1200	6.93	5.694	35.23809524	12.624	2.006457143	0.451045627	0.821645022	34	15	10	4243
VC_ETH4243	2023	VC_43	VC	1317	5.18	6.19	35.77235772	11.37	2.214308943	0.544415128	1.194980695	52	18	11	4243
VC_ETH4243	2023	VC_43	VC	1399	3.75	3.866	38.33333333	7.616	1.481966667	0.507615546	1.030933333	57	19	12	4243
VC_ETH4243	2023	VC_43	VC	1439	7.4	5.138	40.19607843	12.538	2.06527451	0.409794226	0.694324324	18	20	13	4243
VC_ETH4243	2023	VC_43	VC	1512	4.72	2.892	33.00970874	7.612	0.954640777	0.379926432	0.612711864	33	22	14	4243
VC_ETH4243	2023	VC_43	VC	1552	3.45	4.05	35.2	7.5	1.4256	0.54	1.173913043	34	23	15	4243
VC_ETH4243	2023	VC_43	VC	1590	4	6.712	39.39393939	10.712	2.644121212	0.626587005	1.678	43	24	16	4243
VC_ETH4243	2023	VC_43	VC	1651	4.54	6.92	32.95454545	11.46	2.280454545	0.603839442	1.524229075	45	25	17	4243
VC_ETH4243	2023	VC_43	VC	1736	6.75	5.656	34.7826087	12.406	1.967304348	0.455908431	0.837925926	42	27	18	4243
VC_ETH4243	2024	VC_43	VC	6075	1.53	2.56	33.05785124	4.09	0.846280992	0.62591687	1.673202614	11	11	1	4243
VC_ETH4243	2024	VC_43	VC	7080	2.23	4.22	37.79527559	6.45	1.59496063	0.654263566	1.892376682	11	12	2	4243
VC_ETH4243	2024	VC_43	VC	8086	1	0.95	38.18181818	1.95	0.362727273	0.487179487	0.95	31	14	3	4243
VC_ETH4243	2024	VC_43	VC	10027	3.09	6.8	37.5	9.89	2.55	0.687563195	2.200647249	14	16	4	4243
VC_ETH4243	2024	VC_43	VC	11056	3.56	5.22	31.91489362	8.78	1.665957447	0.59453303	1.466292135	11	18	5	4243
VC_ETH4243	2024	VC_43	VC	12090	0.96	2.11	34.95934959	3.07	0.737642276	0.687296417	2.197916667	3	20	6	4243
VC_ETH4243	2024	VC_43	VC	13101	1.62	2.59	37.5	4.21	0.97125	0.6152019	1.598765432	18	22	7	4243
VC_ETH4243	2024	VC_43	VC	14005	1.81	3.02	37.69230769	4.83	1.138307692	0.625258799	1.668508287	12	22	8	4243
VC_ETH4243	2024	VC_43	VC	15066	2.23	4.56	40	6.79	1.824	0.671575847	2.044843049	24	25	9	4243
VC_ETH4243	2024	VC_43	VC	16023	2.18	3.5	35.0877193	5.68	1.228070175	0.616197183	1.605504587	46	26	10	4243
VC_ETH4243	2024	VC_43	VC	17016	1.54	1.87	35.9223301	3.41	0.671747573	0.548387097	1.214285714	50	27	11	4243
